{
 "cells": [
  {
   "cell_type": "code",
   "execution_count": 64,
   "id": "74faaa3c",
   "metadata": {},
   "outputs": [
    {
     "data": {
      "text/html": [
       "<div>\n",
       "<style scoped>\n",
       "    .dataframe tbody tr th:only-of-type {\n",
       "        vertical-align: middle;\n",
       "    }\n",
       "\n",
       "    .dataframe tbody tr th {\n",
       "        vertical-align: top;\n",
       "    }\n",
       "\n",
       "    .dataframe thead th {\n",
       "        text-align: right;\n",
       "    }\n",
       "</style>\n",
       "<table border=\"1\" class=\"dataframe\">\n",
       "  <thead>\n",
       "    <tr style=\"text-align: right;\">\n",
       "      <th></th>\n",
       "      <th>#</th>\n",
       "      <th>Name</th>\n",
       "      <th>Type 1</th>\n",
       "      <th>Type 2</th>\n",
       "      <th>Total</th>\n",
       "      <th>HP</th>\n",
       "      <th>Attack</th>\n",
       "      <th>Defense</th>\n",
       "      <th>Sp. Atk</th>\n",
       "      <th>Sp. Def</th>\n",
       "      <th>Speed</th>\n",
       "      <th>Generation</th>\n",
       "      <th>Legendary</th>\n",
       "    </tr>\n",
       "  </thead>\n",
       "  <tbody>\n",
       "    <tr>\n",
       "      <th>0</th>\n",
       "      <td>1</td>\n",
       "      <td>Bulbasaur</td>\n",
       "      <td>Grass</td>\n",
       "      <td>Poison</td>\n",
       "      <td>318</td>\n",
       "      <td>45</td>\n",
       "      <td>49</td>\n",
       "      <td>49</td>\n",
       "      <td>65</td>\n",
       "      <td>65</td>\n",
       "      <td>45</td>\n",
       "      <td>1</td>\n",
       "      <td>False</td>\n",
       "    </tr>\n",
       "    <tr>\n",
       "      <th>1</th>\n",
       "      <td>2</td>\n",
       "      <td>Ivysaur</td>\n",
       "      <td>Grass</td>\n",
       "      <td>Poison</td>\n",
       "      <td>405</td>\n",
       "      <td>60</td>\n",
       "      <td>62</td>\n",
       "      <td>63</td>\n",
       "      <td>80</td>\n",
       "      <td>80</td>\n",
       "      <td>60</td>\n",
       "      <td>1</td>\n",
       "      <td>False</td>\n",
       "    </tr>\n",
       "    <tr>\n",
       "      <th>2</th>\n",
       "      <td>3</td>\n",
       "      <td>Venusaur</td>\n",
       "      <td>Grass</td>\n",
       "      <td>Poison</td>\n",
       "      <td>525</td>\n",
       "      <td>80</td>\n",
       "      <td>82</td>\n",
       "      <td>83</td>\n",
       "      <td>100</td>\n",
       "      <td>100</td>\n",
       "      <td>80</td>\n",
       "      <td>1</td>\n",
       "      <td>False</td>\n",
       "    </tr>\n",
       "    <tr>\n",
       "      <th>3</th>\n",
       "      <td>3</td>\n",
       "      <td>VenusaurMega Venusaur</td>\n",
       "      <td>Grass</td>\n",
       "      <td>Poison</td>\n",
       "      <td>625</td>\n",
       "      <td>80</td>\n",
       "      <td>100</td>\n",
       "      <td>123</td>\n",
       "      <td>122</td>\n",
       "      <td>120</td>\n",
       "      <td>80</td>\n",
       "      <td>1</td>\n",
       "      <td>False</td>\n",
       "    </tr>\n",
       "    <tr>\n",
       "      <th>4</th>\n",
       "      <td>4</td>\n",
       "      <td>Charmander</td>\n",
       "      <td>Fire</td>\n",
       "      <td>NaN</td>\n",
       "      <td>309</td>\n",
       "      <td>39</td>\n",
       "      <td>52</td>\n",
       "      <td>43</td>\n",
       "      <td>60</td>\n",
       "      <td>50</td>\n",
       "      <td>65</td>\n",
       "      <td>1</td>\n",
       "      <td>False</td>\n",
       "    </tr>\n",
       "  </tbody>\n",
       "</table>\n",
       "</div>"
      ],
      "text/plain": [
       "   #                   Name Type 1  Type 2  Total  HP  Attack  Defense  \\\n",
       "0  1              Bulbasaur  Grass  Poison    318  45      49       49   \n",
       "1  2                Ivysaur  Grass  Poison    405  60      62       63   \n",
       "2  3               Venusaur  Grass  Poison    525  80      82       83   \n",
       "3  3  VenusaurMega Venusaur  Grass  Poison    625  80     100      123   \n",
       "4  4             Charmander   Fire     NaN    309  39      52       43   \n",
       "\n",
       "   Sp. Atk  Sp. Def  Speed  Generation  Legendary  \n",
       "0       65       65     45           1      False  \n",
       "1       80       80     60           1      False  \n",
       "2      100      100     80           1      False  \n",
       "3      122      120     80           1      False  \n",
       "4       60       50     65           1      False  "
      ]
     },
     "execution_count": 64,
     "metadata": {},
     "output_type": "execute_result"
    }
   ],
   "source": [
    "import pandas as pd\n",
    "import numpy as np\n",
    "\n",
    "data = pd.read_csv('/Users/valaba/Desktop/Pokemon.csv')\n",
    "data.head()"
   ]
  },
  {
   "cell_type": "code",
   "execution_count": 65,
   "id": "a2d0335d",
   "metadata": {},
   "outputs": [
    {
     "name": "stdout",
     "output_type": "stream",
     "text": [
      "      HP  Attack  Defense  Sp. Atk  Sp. Def  Speed  Total  computed_total  \\\n",
      "197   75      80       95       90      100     50    490             490   \n",
      "574   50      53       48       53       48     64    316             316   \n",
      "40    70      45       48       60       65     35    323             323   \n",
      "534   50      65      107      105      107     86    520             520   \n",
      "142  130      85       80       85       95     60    535             535   \n",
      "67    90      95       95       70       90     70    510             510   \n",
      "583   55      75       85       25       25     15    280             280   \n",
      "179   40      20       30       40       80     55    265             265   \n",
      "372  110      78       73       76       71     60    468             468   \n",
      "4     39      52       43       60       50     65    309             309   \n",
      "\n",
      "     equal  \n",
      "197   True  \n",
      "574   True  \n",
      "40    True  \n",
      "534   True  \n",
      "142   True  \n",
      "67    True  \n",
      "583   True  \n",
      "179   True  \n",
      "372   True  \n",
      "4     True  \n"
     ]
    }
   ],
   "source": [
    "# Problem Solving Iteration 1\n",
    "\n",
    "sample = data.sample(10)\n",
    "\n",
    "sample['computed_total'] = sample['HP'] + sample['Attack'] + sample['Defense'] + sample['Sp. Atk'] + sample['Sp. Def'] + sample['Speed']\n",
    "\n",
    "sample['equal'] = sample['Total'] == sample['computed_total']\n",
    "\n",
    "print(sample[['HP', 'Attack', 'Defense', 'Sp. Atk', 'Sp. Def', 'Speed', 'Total', 'computed_total', 'equal']])"
   ]
  },
  {
   "cell_type": "code",
   "execution_count": 66,
   "id": "b6844c3d",
   "metadata": {},
   "outputs": [
    {
     "data": {
      "text/plain": [
       "array(['Grass', 'Fire', 'Water', 'Bug', 'Normal', 'Poison', 'Electric',\n",
       "       'Ground', 'Fairy', 'Fighting', 'Psychic', 'Rock', 'Ghost', 'Ice',\n",
       "       'Dragon', 'Dark', 'Steel', 'Flying'], dtype=object)"
      ]
     },
     "execution_count": 66,
     "metadata": {},
     "output_type": "execute_result"
    }
   ],
   "source": [
    "# Problem Solving Iteration 2\n",
    "\n",
    "data[\"Type 1\"].unique()"
   ]
  },
  {
   "cell_type": "code",
   "execution_count": 67,
   "id": "9ca3ead1",
   "metadata": {},
   "outputs": [
    {
     "data": {
      "text/plain": [
       "array(['Poison', nan, 'Flying', 'Dragon', 'Ground', 'Fairy', 'Grass',\n",
       "       'Fighting', 'Psychic', 'Steel', 'Ice', 'Rock', 'Dark', 'Water',\n",
       "       'Electric', 'Fire', 'Ghost', 'Bug', 'Normal'], dtype=object)"
      ]
     },
     "execution_count": 67,
     "metadata": {},
     "output_type": "execute_result"
    }
   ],
   "source": [
    "data[\"Type 2\"].unique()"
   ]
  },
  {
   "cell_type": "code",
   "execution_count": 68,
   "id": "47d5b0f1",
   "metadata": {
    "scrolled": true
   },
   "outputs": [
    {
     "data": {
      "text/html": [
       "<div>\n",
       "<style scoped>\n",
       "    .dataframe tbody tr th:only-of-type {\n",
       "        vertical-align: middle;\n",
       "    }\n",
       "\n",
       "    .dataframe tbody tr th {\n",
       "        vertical-align: top;\n",
       "    }\n",
       "\n",
       "    .dataframe thead th {\n",
       "        text-align: right;\n",
       "    }\n",
       "</style>\n",
       "<table border=\"1\" class=\"dataframe\">\n",
       "  <thead>\n",
       "    <tr style=\"text-align: right;\">\n",
       "      <th></th>\n",
       "      <th>Bug</th>\n",
       "      <th>Dark</th>\n",
       "      <th>Dragon</th>\n",
       "      <th>Electric</th>\n",
       "      <th>Fairy</th>\n",
       "      <th>Fighting</th>\n",
       "      <th>Fire</th>\n",
       "      <th>Flying</th>\n",
       "      <th>Ghost</th>\n",
       "      <th>Grass</th>\n",
       "      <th>Ground</th>\n",
       "      <th>Ice</th>\n",
       "      <th>Normal</th>\n",
       "      <th>Poison</th>\n",
       "      <th>Psychic</th>\n",
       "      <th>Rock</th>\n",
       "      <th>Steel</th>\n",
       "      <th>Water</th>\n",
       "    </tr>\n",
       "  </thead>\n",
       "  <tbody>\n",
       "    <tr>\n",
       "      <th>0</th>\n",
       "      <td>0</td>\n",
       "      <td>0</td>\n",
       "      <td>0</td>\n",
       "      <td>0</td>\n",
       "      <td>0</td>\n",
       "      <td>0</td>\n",
       "      <td>0</td>\n",
       "      <td>0</td>\n",
       "      <td>0</td>\n",
       "      <td>1</td>\n",
       "      <td>0</td>\n",
       "      <td>0</td>\n",
       "      <td>0</td>\n",
       "      <td>1</td>\n",
       "      <td>0</td>\n",
       "      <td>0</td>\n",
       "      <td>0</td>\n",
       "      <td>0</td>\n",
       "    </tr>\n",
       "    <tr>\n",
       "      <th>1</th>\n",
       "      <td>0</td>\n",
       "      <td>0</td>\n",
       "      <td>0</td>\n",
       "      <td>0</td>\n",
       "      <td>0</td>\n",
       "      <td>0</td>\n",
       "      <td>0</td>\n",
       "      <td>0</td>\n",
       "      <td>0</td>\n",
       "      <td>1</td>\n",
       "      <td>0</td>\n",
       "      <td>0</td>\n",
       "      <td>0</td>\n",
       "      <td>1</td>\n",
       "      <td>0</td>\n",
       "      <td>0</td>\n",
       "      <td>0</td>\n",
       "      <td>0</td>\n",
       "    </tr>\n",
       "    <tr>\n",
       "      <th>2</th>\n",
       "      <td>0</td>\n",
       "      <td>0</td>\n",
       "      <td>0</td>\n",
       "      <td>0</td>\n",
       "      <td>0</td>\n",
       "      <td>0</td>\n",
       "      <td>0</td>\n",
       "      <td>0</td>\n",
       "      <td>0</td>\n",
       "      <td>1</td>\n",
       "      <td>0</td>\n",
       "      <td>0</td>\n",
       "      <td>0</td>\n",
       "      <td>1</td>\n",
       "      <td>0</td>\n",
       "      <td>0</td>\n",
       "      <td>0</td>\n",
       "      <td>0</td>\n",
       "    </tr>\n",
       "    <tr>\n",
       "      <th>3</th>\n",
       "      <td>0</td>\n",
       "      <td>0</td>\n",
       "      <td>0</td>\n",
       "      <td>0</td>\n",
       "      <td>0</td>\n",
       "      <td>0</td>\n",
       "      <td>0</td>\n",
       "      <td>0</td>\n",
       "      <td>0</td>\n",
       "      <td>1</td>\n",
       "      <td>0</td>\n",
       "      <td>0</td>\n",
       "      <td>0</td>\n",
       "      <td>1</td>\n",
       "      <td>0</td>\n",
       "      <td>0</td>\n",
       "      <td>0</td>\n",
       "      <td>0</td>\n",
       "    </tr>\n",
       "    <tr>\n",
       "      <th>4</th>\n",
       "      <td>0</td>\n",
       "      <td>0</td>\n",
       "      <td>0</td>\n",
       "      <td>0</td>\n",
       "      <td>0</td>\n",
       "      <td>0</td>\n",
       "      <td>1</td>\n",
       "      <td>0</td>\n",
       "      <td>0</td>\n",
       "      <td>0</td>\n",
       "      <td>0</td>\n",
       "      <td>0</td>\n",
       "      <td>0</td>\n",
       "      <td>0</td>\n",
       "      <td>0</td>\n",
       "      <td>0</td>\n",
       "      <td>0</td>\n",
       "      <td>0</td>\n",
       "    </tr>\n",
       "    <tr>\n",
       "      <th>...</th>\n",
       "      <td>...</td>\n",
       "      <td>...</td>\n",
       "      <td>...</td>\n",
       "      <td>...</td>\n",
       "      <td>...</td>\n",
       "      <td>...</td>\n",
       "      <td>...</td>\n",
       "      <td>...</td>\n",
       "      <td>...</td>\n",
       "      <td>...</td>\n",
       "      <td>...</td>\n",
       "      <td>...</td>\n",
       "      <td>...</td>\n",
       "      <td>...</td>\n",
       "      <td>...</td>\n",
       "      <td>...</td>\n",
       "      <td>...</td>\n",
       "      <td>...</td>\n",
       "    </tr>\n",
       "    <tr>\n",
       "      <th>795</th>\n",
       "      <td>0</td>\n",
       "      <td>0</td>\n",
       "      <td>0</td>\n",
       "      <td>0</td>\n",
       "      <td>1</td>\n",
       "      <td>0</td>\n",
       "      <td>0</td>\n",
       "      <td>0</td>\n",
       "      <td>0</td>\n",
       "      <td>0</td>\n",
       "      <td>0</td>\n",
       "      <td>0</td>\n",
       "      <td>0</td>\n",
       "      <td>0</td>\n",
       "      <td>0</td>\n",
       "      <td>1</td>\n",
       "      <td>0</td>\n",
       "      <td>0</td>\n",
       "    </tr>\n",
       "    <tr>\n",
       "      <th>796</th>\n",
       "      <td>0</td>\n",
       "      <td>0</td>\n",
       "      <td>0</td>\n",
       "      <td>0</td>\n",
       "      <td>1</td>\n",
       "      <td>0</td>\n",
       "      <td>0</td>\n",
       "      <td>0</td>\n",
       "      <td>0</td>\n",
       "      <td>0</td>\n",
       "      <td>0</td>\n",
       "      <td>0</td>\n",
       "      <td>0</td>\n",
       "      <td>0</td>\n",
       "      <td>0</td>\n",
       "      <td>1</td>\n",
       "      <td>0</td>\n",
       "      <td>0</td>\n",
       "    </tr>\n",
       "    <tr>\n",
       "      <th>797</th>\n",
       "      <td>0</td>\n",
       "      <td>0</td>\n",
       "      <td>0</td>\n",
       "      <td>0</td>\n",
       "      <td>0</td>\n",
       "      <td>0</td>\n",
       "      <td>0</td>\n",
       "      <td>0</td>\n",
       "      <td>1</td>\n",
       "      <td>0</td>\n",
       "      <td>0</td>\n",
       "      <td>0</td>\n",
       "      <td>0</td>\n",
       "      <td>0</td>\n",
       "      <td>1</td>\n",
       "      <td>0</td>\n",
       "      <td>0</td>\n",
       "      <td>0</td>\n",
       "    </tr>\n",
       "    <tr>\n",
       "      <th>798</th>\n",
       "      <td>0</td>\n",
       "      <td>1</td>\n",
       "      <td>0</td>\n",
       "      <td>0</td>\n",
       "      <td>0</td>\n",
       "      <td>0</td>\n",
       "      <td>0</td>\n",
       "      <td>0</td>\n",
       "      <td>0</td>\n",
       "      <td>0</td>\n",
       "      <td>0</td>\n",
       "      <td>0</td>\n",
       "      <td>0</td>\n",
       "      <td>0</td>\n",
       "      <td>1</td>\n",
       "      <td>0</td>\n",
       "      <td>0</td>\n",
       "      <td>0</td>\n",
       "    </tr>\n",
       "    <tr>\n",
       "      <th>799</th>\n",
       "      <td>0</td>\n",
       "      <td>0</td>\n",
       "      <td>0</td>\n",
       "      <td>0</td>\n",
       "      <td>0</td>\n",
       "      <td>0</td>\n",
       "      <td>1</td>\n",
       "      <td>0</td>\n",
       "      <td>0</td>\n",
       "      <td>0</td>\n",
       "      <td>0</td>\n",
       "      <td>0</td>\n",
       "      <td>0</td>\n",
       "      <td>0</td>\n",
       "      <td>0</td>\n",
       "      <td>0</td>\n",
       "      <td>0</td>\n",
       "      <td>1</td>\n",
       "    </tr>\n",
       "  </tbody>\n",
       "</table>\n",
       "<p>800 rows × 18 columns</p>\n",
       "</div>"
      ],
      "text/plain": [
       "     Bug  Dark  Dragon  Electric  Fairy  Fighting  Fire  Flying  Ghost  Grass  \\\n",
       "0      0     0       0         0      0         0     0       0      0      1   \n",
       "1      0     0       0         0      0         0     0       0      0      1   \n",
       "2      0     0       0         0      0         0     0       0      0      1   \n",
       "3      0     0       0         0      0         0     0       0      0      1   \n",
       "4      0     0       0         0      0         0     1       0      0      0   \n",
       "..   ...   ...     ...       ...    ...       ...   ...     ...    ...    ...   \n",
       "795    0     0       0         0      1         0     0       0      0      0   \n",
       "796    0     0       0         0      1         0     0       0      0      0   \n",
       "797    0     0       0         0      0         0     0       0      1      0   \n",
       "798    0     1       0         0      0         0     0       0      0      0   \n",
       "799    0     0       0         0      0         0     1       0      0      0   \n",
       "\n",
       "     Ground  Ice  Normal  Poison  Psychic  Rock  Steel  Water  \n",
       "0         0    0       0       1        0     0      0      0  \n",
       "1         0    0       0       1        0     0      0      0  \n",
       "2         0    0       0       1        0     0      0      0  \n",
       "3         0    0       0       1        0     0      0      0  \n",
       "4         0    0       0       0        0     0      0      0  \n",
       "..      ...  ...     ...     ...      ...   ...    ...    ...  \n",
       "795       0    0       0       0        0     1      0      0  \n",
       "796       0    0       0       0        0     1      0      0  \n",
       "797       0    0       0       0        1     0      0      0  \n",
       "798       0    0       0       0        1     0      0      0  \n",
       "799       0    0       0       0        0     0      0      1  \n",
       "\n",
       "[800 rows x 18 columns]"
      ]
     },
     "execution_count": 68,
     "metadata": {},
     "output_type": "execute_result"
    }
   ],
   "source": [
    "data_types = pd.get_dummies(data['Type 1']) + pd.get_dummies(data['Type 2'])\n",
    "data_types"
   ]
  },
  {
   "cell_type": "code",
   "execution_count": 69,
   "id": "d69e4529",
   "metadata": {
    "scrolled": true
   },
   "outputs": [
    {
     "data": {
      "text/html": [
       "<div>\n",
       "<style scoped>\n",
       "    .dataframe tbody tr th:only-of-type {\n",
       "        vertical-align: middle;\n",
       "    }\n",
       "\n",
       "    .dataframe tbody tr th {\n",
       "        vertical-align: top;\n",
       "    }\n",
       "\n",
       "    .dataframe thead th {\n",
       "        text-align: right;\n",
       "    }\n",
       "</style>\n",
       "<table border=\"1\" class=\"dataframe\">\n",
       "  <thead>\n",
       "    <tr style=\"text-align: right;\">\n",
       "      <th></th>\n",
       "      <th>Total</th>\n",
       "      <th>Bug</th>\n",
       "      <th>Dark</th>\n",
       "      <th>Dragon</th>\n",
       "      <th>Electric</th>\n",
       "      <th>Fairy</th>\n",
       "      <th>Fighting</th>\n",
       "      <th>Fire</th>\n",
       "      <th>Flying</th>\n",
       "      <th>Ghost</th>\n",
       "      <th>Grass</th>\n",
       "      <th>Ground</th>\n",
       "      <th>Ice</th>\n",
       "      <th>Normal</th>\n",
       "      <th>Poison</th>\n",
       "      <th>Psychic</th>\n",
       "      <th>Rock</th>\n",
       "      <th>Steel</th>\n",
       "      <th>Water</th>\n",
       "    </tr>\n",
       "  </thead>\n",
       "  <tbody>\n",
       "    <tr>\n",
       "      <th>Total</th>\n",
       "      <td>1.000000</td>\n",
       "      <td>-0.145781</td>\n",
       "      <td>0.056154</td>\n",
       "      <td>0.229705</td>\n",
       "      <td>0.020971</td>\n",
       "      <td>-0.036698</td>\n",
       "      <td>0.077786</td>\n",
       "      <td>0.078726</td>\n",
       "      <td>0.059383</td>\n",
       "      <td>0.003641</td>\n",
       "      <td>-0.052592</td>\n",
       "      <td>0.015060</td>\n",
       "      <td>0.060248</td>\n",
       "      <td>-0.105331</td>\n",
       "      <td>-0.090441</td>\n",
       "      <td>0.124688</td>\n",
       "      <td>0.032731</td>\n",
       "      <td>0.109703</td>\n",
       "      <td>-0.021665</td>\n",
       "    </tr>\n",
       "    <tr>\n",
       "      <th>Bug</th>\n",
       "      <td>-0.145781</td>\n",
       "      <td>1.000000</td>\n",
       "      <td>-0.082062</td>\n",
       "      <td>-0.081200</td>\n",
       "      <td>-0.045111</td>\n",
       "      <td>-0.072148</td>\n",
       "      <td>-0.048645</td>\n",
       "      <td>-0.060536</td>\n",
       "      <td>0.064571</td>\n",
       "      <td>-0.058915</td>\n",
       "      <td>-0.034430</td>\n",
       "      <td>-0.063544</td>\n",
       "      <td>-0.070229</td>\n",
       "      <td>-0.120219</td>\n",
       "      <td>0.121210</td>\n",
       "      <td>-0.111968</td>\n",
       "      <td>-0.003706</td>\n",
       "      <td>0.047178</td>\n",
       "      <td>-0.123983</td>\n",
       "    </tr>\n",
       "    <tr>\n",
       "      <th>Dark</th>\n",
       "      <td>0.056154</td>\n",
       "      <td>-0.082062</td>\n",
       "      <td>1.000000</td>\n",
       "      <td>-0.003963</td>\n",
       "      <td>-0.067375</td>\n",
       "      <td>-0.059864</td>\n",
       "      <td>-0.007791</td>\n",
       "      <td>-0.020368</td>\n",
       "      <td>-0.022164</td>\n",
       "      <td>0.001484</td>\n",
       "      <td>-0.048339</td>\n",
       "      <td>-0.023480</td>\n",
       "      <td>-0.010163</td>\n",
       "      <td>-0.099751</td>\n",
       "      <td>-0.018227</td>\n",
       "      <td>-0.044327</td>\n",
       "      <td>-0.033493</td>\n",
       "      <td>-0.023978</td>\n",
       "      <td>-0.028548</td>\n",
       "    </tr>\n",
       "    <tr>\n",
       "      <th>Dragon</th>\n",
       "      <td>0.229705</td>\n",
       "      <td>-0.081200</td>\n",
       "      <td>-0.003963</td>\n",
       "      <td>1.000000</td>\n",
       "      <td>-0.024000</td>\n",
       "      <td>-0.035541</td>\n",
       "      <td>-0.068775</td>\n",
       "      <td>-0.038069</td>\n",
       "      <td>0.026237</td>\n",
       "      <td>-0.019410</td>\n",
       "      <td>-0.078818</td>\n",
       "      <td>0.052430</td>\n",
       "      <td>0.015173</td>\n",
       "      <td>-0.098702</td>\n",
       "      <td>-0.055525</td>\n",
       "      <td>-0.026557</td>\n",
       "      <td>-0.032360</td>\n",
       "      <td>-0.044417</td>\n",
       "      <td>-0.083285</td>\n",
       "    </tr>\n",
       "    <tr>\n",
       "      <th>Electric</th>\n",
       "      <td>0.020971</td>\n",
       "      <td>-0.045111</td>\n",
       "      <td>-0.067375</td>\n",
       "      <td>-0.024000</td>\n",
       "      <td>1.000000</td>\n",
       "      <td>-0.035541</td>\n",
       "      <td>-0.068775</td>\n",
       "      <td>-0.057104</td>\n",
       "      <td>-0.020407</td>\n",
       "      <td>-0.041592</td>\n",
       "      <td>-0.078818</td>\n",
       "      <td>-0.059420</td>\n",
       "      <td>-0.033382</td>\n",
       "      <td>-0.067737</td>\n",
       "      <td>-0.074838</td>\n",
       "      <td>-0.091928</td>\n",
       "      <td>-0.072188</td>\n",
       "      <td>-0.001346</td>\n",
       "      <td>-0.069109</td>\n",
       "    </tr>\n",
       "    <tr>\n",
       "      <th>Fairy</th>\n",
       "      <td>-0.036698</td>\n",
       "      <td>-0.072148</td>\n",
       "      <td>-0.059864</td>\n",
       "      <td>-0.035541</td>\n",
       "      <td>-0.035541</td>\n",
       "      <td>1.000000</td>\n",
       "      <td>-0.061108</td>\n",
       "      <td>-0.067651</td>\n",
       "      <td>-0.052669</td>\n",
       "      <td>-0.056665</td>\n",
       "      <td>-0.048756</td>\n",
       "      <td>-0.069360</td>\n",
       "      <td>-0.051232</td>\n",
       "      <td>-0.001720</td>\n",
       "      <td>-0.066495</td>\n",
       "      <td>0.027227</td>\n",
       "      <td>0.002212</td>\n",
       "      <td>0.013155</td>\n",
       "      <td>-0.067703</td>\n",
       "    </tr>\n",
       "    <tr>\n",
       "      <th>Fighting</th>\n",
       "      <td>0.077786</td>\n",
       "      <td>-0.048645</td>\n",
       "      <td>-0.007791</td>\n",
       "      <td>-0.068775</td>\n",
       "      <td>-0.068775</td>\n",
       "      <td>-0.061108</td>\n",
       "      <td>1.000000</td>\n",
       "      <td>0.051130</td>\n",
       "      <td>-0.086119</td>\n",
       "      <td>-0.065792</td>\n",
       "      <td>-0.051171</td>\n",
       "      <td>-0.080531</td>\n",
       "      <td>-0.059483</td>\n",
       "      <td>-0.071687</td>\n",
       "      <td>-0.039613</td>\n",
       "      <td>0.000596</td>\n",
       "      <td>-0.055090</td>\n",
       "      <td>-0.005161</td>\n",
       "      <td>-0.073778</td>\n",
       "    </tr>\n",
       "    <tr>\n",
       "      <th>Fire</th>\n",
       "      <td>0.078726</td>\n",
       "      <td>-0.060536</td>\n",
       "      <td>-0.020368</td>\n",
       "      <td>-0.038069</td>\n",
       "      <td>-0.057104</td>\n",
       "      <td>-0.067651</td>\n",
       "      <td>0.051130</td>\n",
       "      <td>1.000000</td>\n",
       "      <td>-0.028855</td>\n",
       "      <td>-0.013459</td>\n",
       "      <td>-0.108248</td>\n",
       "      <td>-0.022621</td>\n",
       "      <td>-0.065851</td>\n",
       "      <td>-0.085097</td>\n",
       "      <td>-0.085471</td>\n",
       "      <td>-0.061243</td>\n",
       "      <td>-0.064677</td>\n",
       "      <td>-0.056108</td>\n",
       "      <td>-0.114850</td>\n",
       "    </tr>\n",
       "    <tr>\n",
       "      <th>Flying</th>\n",
       "      <td>0.059383</td>\n",
       "      <td>0.064571</td>\n",
       "      <td>-0.022164</td>\n",
       "      <td>0.026237</td>\n",
       "      <td>-0.020407</td>\n",
       "      <td>-0.052669</td>\n",
       "      <td>-0.086119</td>\n",
       "      <td>-0.028855</td>\n",
       "      <td>1.000000</td>\n",
       "      <td>-0.061555</td>\n",
       "      <td>-0.081366</td>\n",
       "      <td>-0.060578</td>\n",
       "      <td>-0.049498</td>\n",
       "      <td>0.125506</td>\n",
       "      <td>-0.067950</td>\n",
       "      <td>-0.063872</td>\n",
       "      <td>-0.048221</td>\n",
       "      <td>-0.081400</td>\n",
       "      <td>-0.092030</td>\n",
       "    </tr>\n",
       "    <tr>\n",
       "      <th>Ghost</th>\n",
       "      <td>0.003641</td>\n",
       "      <td>-0.058915</td>\n",
       "      <td>0.001484</td>\n",
       "      <td>-0.019410</td>\n",
       "      <td>-0.041592</td>\n",
       "      <td>-0.056665</td>\n",
       "      <td>-0.065792</td>\n",
       "      <td>-0.013459</td>\n",
       "      <td>-0.061555</td>\n",
       "      <td>1.000000</td>\n",
       "      <td>0.075316</td>\n",
       "      <td>-0.035908</td>\n",
       "      <td>-0.029914</td>\n",
       "      <td>-0.094420</td>\n",
       "      <td>0.008736</td>\n",
       "      <td>-0.070947</td>\n",
       "      <td>-0.069057</td>\n",
       "      <td>0.026479</td>\n",
       "      <td>-0.077314</td>\n",
       "    </tr>\n",
       "    <tr>\n",
       "      <th>Grass</th>\n",
       "      <td>-0.052592</td>\n",
       "      <td>-0.034430</td>\n",
       "      <td>-0.048339</td>\n",
       "      <td>-0.078818</td>\n",
       "      <td>-0.078818</td>\n",
       "      <td>-0.048756</td>\n",
       "      <td>-0.051171</td>\n",
       "      <td>-0.108248</td>\n",
       "      <td>-0.081366</td>\n",
       "      <td>0.075316</td>\n",
       "      <td>1.000000</td>\n",
       "      <td>-0.097033</td>\n",
       "      <td>-0.027476</td>\n",
       "      <td>-0.117156</td>\n",
       "      <td>0.110372</td>\n",
       "      <td>-0.094009</td>\n",
       "      <td>-0.072829</td>\n",
       "      <td>-0.061537</td>\n",
       "      <td>-0.126894</td>\n",
       "    </tr>\n",
       "    <tr>\n",
       "      <th>Ground</th>\n",
       "      <td>0.015060</td>\n",
       "      <td>-0.063544</td>\n",
       "      <td>-0.023480</td>\n",
       "      <td>0.052430</td>\n",
       "      <td>-0.059420</td>\n",
       "      <td>-0.069360</td>\n",
       "      <td>-0.080531</td>\n",
       "      <td>-0.022621</td>\n",
       "      <td>-0.060578</td>\n",
       "      <td>-0.035908</td>\n",
       "      <td>-0.097033</td>\n",
       "      <td>1.000000</td>\n",
       "      <td>-0.003872</td>\n",
       "      <td>-0.102044</td>\n",
       "      <td>-0.053878</td>\n",
       "      <td>-0.079079</td>\n",
       "      <td>0.072085</td>\n",
       "      <td>-0.020771</td>\n",
       "      <td>-0.006844</td>\n",
       "    </tr>\n",
       "    <tr>\n",
       "      <th>Ice</th>\n",
       "      <td>0.060248</td>\n",
       "      <td>-0.070229</td>\n",
       "      <td>-0.010163</td>\n",
       "      <td>0.015173</td>\n",
       "      <td>-0.033382</td>\n",
       "      <td>-0.051232</td>\n",
       "      <td>-0.059483</td>\n",
       "      <td>-0.065851</td>\n",
       "      <td>-0.049498</td>\n",
       "      <td>-0.029914</td>\n",
       "      <td>-0.027476</td>\n",
       "      <td>-0.003872</td>\n",
       "      <td>1.000000</td>\n",
       "      <td>-0.085366</td>\n",
       "      <td>-0.064726</td>\n",
       "      <td>-0.042311</td>\n",
       "      <td>-0.017110</td>\n",
       "      <td>-0.057042</td>\n",
       "      <td>0.000242</td>\n",
       "    </tr>\n",
       "    <tr>\n",
       "      <th>Normal</th>\n",
       "      <td>-0.105331</td>\n",
       "      <td>-0.120219</td>\n",
       "      <td>-0.099751</td>\n",
       "      <td>-0.098702</td>\n",
       "      <td>-0.067737</td>\n",
       "      <td>-0.001720</td>\n",
       "      <td>-0.071687</td>\n",
       "      <td>-0.085097</td>\n",
       "      <td>0.125506</td>\n",
       "      <td>-0.094420</td>\n",
       "      <td>-0.117156</td>\n",
       "      <td>-0.102044</td>\n",
       "      <td>-0.085366</td>\n",
       "      <td>1.000000</td>\n",
       "      <td>-0.110800</td>\n",
       "      <td>-0.112381</td>\n",
       "      <td>-0.106877</td>\n",
       "      <td>-0.097645</td>\n",
       "      <td>-0.154994</td>\n",
       "    </tr>\n",
       "    <tr>\n",
       "      <th>Poison</th>\n",
       "      <td>-0.090441</td>\n",
       "      <td>0.121210</td>\n",
       "      <td>-0.018227</td>\n",
       "      <td>-0.055525</td>\n",
       "      <td>-0.074838</td>\n",
       "      <td>-0.066495</td>\n",
       "      <td>-0.039613</td>\n",
       "      <td>-0.085471</td>\n",
       "      <td>-0.067950</td>\n",
       "      <td>0.008736</td>\n",
       "      <td>0.110372</td>\n",
       "      <td>-0.053878</td>\n",
       "      <td>-0.064726</td>\n",
       "      <td>-0.110800</td>\n",
       "      <td>1.000000</td>\n",
       "      <td>-0.103195</td>\n",
       "      <td>-0.081036</td>\n",
       "      <td>-0.074036</td>\n",
       "      <td>-0.073986</td>\n",
       "    </tr>\n",
       "    <tr>\n",
       "      <th>Psychic</th>\n",
       "      <td>0.124688</td>\n",
       "      <td>-0.111968</td>\n",
       "      <td>-0.044327</td>\n",
       "      <td>-0.026557</td>\n",
       "      <td>-0.091928</td>\n",
       "      <td>0.027227</td>\n",
       "      <td>0.000596</td>\n",
       "      <td>-0.061243</td>\n",
       "      <td>-0.063872</td>\n",
       "      <td>-0.070947</td>\n",
       "      <td>-0.094009</td>\n",
       "      <td>-0.079079</td>\n",
       "      <td>-0.042311</td>\n",
       "      <td>-0.112381</td>\n",
       "      <td>-0.103195</td>\n",
       "      <td>1.000000</td>\n",
       "      <td>-0.069031</td>\n",
       "      <td>0.024540</td>\n",
       "      <td>-0.099639</td>\n",
       "    </tr>\n",
       "    <tr>\n",
       "      <th>Rock</th>\n",
       "      <td>0.032731</td>\n",
       "      <td>-0.003706</td>\n",
       "      <td>-0.033493</td>\n",
       "      <td>-0.032360</td>\n",
       "      <td>-0.072188</td>\n",
       "      <td>0.002212</td>\n",
       "      <td>-0.055090</td>\n",
       "      <td>-0.064677</td>\n",
       "      <td>-0.048221</td>\n",
       "      <td>-0.069057</td>\n",
       "      <td>-0.072829</td>\n",
       "      <td>0.072085</td>\n",
       "      <td>-0.017110</td>\n",
       "      <td>-0.106877</td>\n",
       "      <td>-0.081036</td>\n",
       "      <td>-0.069031</td>\n",
       "      <td>1.000000</td>\n",
       "      <td>0.049202</td>\n",
       "      <td>0.011447</td>\n",
       "    </tr>\n",
       "    <tr>\n",
       "      <th>Steel</th>\n",
       "      <td>0.109703</td>\n",
       "      <td>0.047178</td>\n",
       "      <td>-0.023978</td>\n",
       "      <td>-0.044417</td>\n",
       "      <td>-0.001346</td>\n",
       "      <td>0.013155</td>\n",
       "      <td>-0.005161</td>\n",
       "      <td>-0.056108</td>\n",
       "      <td>-0.081400</td>\n",
       "      <td>0.026479</td>\n",
       "      <td>-0.061537</td>\n",
       "      <td>-0.020771</td>\n",
       "      <td>-0.057042</td>\n",
       "      <td>-0.097645</td>\n",
       "      <td>-0.074036</td>\n",
       "      <td>0.024540</td>\n",
       "      <td>0.049202</td>\n",
       "      <td>1.000000</td>\n",
       "      <td>-0.096131</td>\n",
       "    </tr>\n",
       "    <tr>\n",
       "      <th>Water</th>\n",
       "      <td>-0.021665</td>\n",
       "      <td>-0.123983</td>\n",
       "      <td>-0.028548</td>\n",
       "      <td>-0.083285</td>\n",
       "      <td>-0.069109</td>\n",
       "      <td>-0.067703</td>\n",
       "      <td>-0.073778</td>\n",
       "      <td>-0.114850</td>\n",
       "      <td>-0.092030</td>\n",
       "      <td>-0.077314</td>\n",
       "      <td>-0.126894</td>\n",
       "      <td>-0.006844</td>\n",
       "      <td>0.000242</td>\n",
       "      <td>-0.154994</td>\n",
       "      <td>-0.073986</td>\n",
       "      <td>-0.099639</td>\n",
       "      <td>0.011447</td>\n",
       "      <td>-0.096131</td>\n",
       "      <td>1.000000</td>\n",
       "    </tr>\n",
       "  </tbody>\n",
       "</table>\n",
       "</div>"
      ],
      "text/plain": [
       "             Total       Bug      Dark    Dragon  Electric     Fairy  \\\n",
       "Total     1.000000 -0.145781  0.056154  0.229705  0.020971 -0.036698   \n",
       "Bug      -0.145781  1.000000 -0.082062 -0.081200 -0.045111 -0.072148   \n",
       "Dark      0.056154 -0.082062  1.000000 -0.003963 -0.067375 -0.059864   \n",
       "Dragon    0.229705 -0.081200 -0.003963  1.000000 -0.024000 -0.035541   \n",
       "Electric  0.020971 -0.045111 -0.067375 -0.024000  1.000000 -0.035541   \n",
       "Fairy    -0.036698 -0.072148 -0.059864 -0.035541 -0.035541  1.000000   \n",
       "Fighting  0.077786 -0.048645 -0.007791 -0.068775 -0.068775 -0.061108   \n",
       "Fire      0.078726 -0.060536 -0.020368 -0.038069 -0.057104 -0.067651   \n",
       "Flying    0.059383  0.064571 -0.022164  0.026237 -0.020407 -0.052669   \n",
       "Ghost     0.003641 -0.058915  0.001484 -0.019410 -0.041592 -0.056665   \n",
       "Grass    -0.052592 -0.034430 -0.048339 -0.078818 -0.078818 -0.048756   \n",
       "Ground    0.015060 -0.063544 -0.023480  0.052430 -0.059420 -0.069360   \n",
       "Ice       0.060248 -0.070229 -0.010163  0.015173 -0.033382 -0.051232   \n",
       "Normal   -0.105331 -0.120219 -0.099751 -0.098702 -0.067737 -0.001720   \n",
       "Poison   -0.090441  0.121210 -0.018227 -0.055525 -0.074838 -0.066495   \n",
       "Psychic   0.124688 -0.111968 -0.044327 -0.026557 -0.091928  0.027227   \n",
       "Rock      0.032731 -0.003706 -0.033493 -0.032360 -0.072188  0.002212   \n",
       "Steel     0.109703  0.047178 -0.023978 -0.044417 -0.001346  0.013155   \n",
       "Water    -0.021665 -0.123983 -0.028548 -0.083285 -0.069109 -0.067703   \n",
       "\n",
       "          Fighting      Fire    Flying     Ghost     Grass    Ground  \\\n",
       "Total     0.077786  0.078726  0.059383  0.003641 -0.052592  0.015060   \n",
       "Bug      -0.048645 -0.060536  0.064571 -0.058915 -0.034430 -0.063544   \n",
       "Dark     -0.007791 -0.020368 -0.022164  0.001484 -0.048339 -0.023480   \n",
       "Dragon   -0.068775 -0.038069  0.026237 -0.019410 -0.078818  0.052430   \n",
       "Electric -0.068775 -0.057104 -0.020407 -0.041592 -0.078818 -0.059420   \n",
       "Fairy    -0.061108 -0.067651 -0.052669 -0.056665 -0.048756 -0.069360   \n",
       "Fighting  1.000000  0.051130 -0.086119 -0.065792 -0.051171 -0.080531   \n",
       "Fire      0.051130  1.000000 -0.028855 -0.013459 -0.108248 -0.022621   \n",
       "Flying   -0.086119 -0.028855  1.000000 -0.061555 -0.081366 -0.060578   \n",
       "Ghost    -0.065792 -0.013459 -0.061555  1.000000  0.075316 -0.035908   \n",
       "Grass    -0.051171 -0.108248 -0.081366  0.075316  1.000000 -0.097033   \n",
       "Ground   -0.080531 -0.022621 -0.060578 -0.035908 -0.097033  1.000000   \n",
       "Ice      -0.059483 -0.065851 -0.049498 -0.029914 -0.027476 -0.003872   \n",
       "Normal   -0.071687 -0.085097  0.125506 -0.094420 -0.117156 -0.102044   \n",
       "Poison   -0.039613 -0.085471 -0.067950  0.008736  0.110372 -0.053878   \n",
       "Psychic   0.000596 -0.061243 -0.063872 -0.070947 -0.094009 -0.079079   \n",
       "Rock     -0.055090 -0.064677 -0.048221 -0.069057 -0.072829  0.072085   \n",
       "Steel    -0.005161 -0.056108 -0.081400  0.026479 -0.061537 -0.020771   \n",
       "Water    -0.073778 -0.114850 -0.092030 -0.077314 -0.126894 -0.006844   \n",
       "\n",
       "               Ice    Normal    Poison   Psychic      Rock     Steel     Water  \n",
       "Total     0.060248 -0.105331 -0.090441  0.124688  0.032731  0.109703 -0.021665  \n",
       "Bug      -0.070229 -0.120219  0.121210 -0.111968 -0.003706  0.047178 -0.123983  \n",
       "Dark     -0.010163 -0.099751 -0.018227 -0.044327 -0.033493 -0.023978 -0.028548  \n",
       "Dragon    0.015173 -0.098702 -0.055525 -0.026557 -0.032360 -0.044417 -0.083285  \n",
       "Electric -0.033382 -0.067737 -0.074838 -0.091928 -0.072188 -0.001346 -0.069109  \n",
       "Fairy    -0.051232 -0.001720 -0.066495  0.027227  0.002212  0.013155 -0.067703  \n",
       "Fighting -0.059483 -0.071687 -0.039613  0.000596 -0.055090 -0.005161 -0.073778  \n",
       "Fire     -0.065851 -0.085097 -0.085471 -0.061243 -0.064677 -0.056108 -0.114850  \n",
       "Flying   -0.049498  0.125506 -0.067950 -0.063872 -0.048221 -0.081400 -0.092030  \n",
       "Ghost    -0.029914 -0.094420  0.008736 -0.070947 -0.069057  0.026479 -0.077314  \n",
       "Grass    -0.027476 -0.117156  0.110372 -0.094009 -0.072829 -0.061537 -0.126894  \n",
       "Ground   -0.003872 -0.102044 -0.053878 -0.079079  0.072085 -0.020771 -0.006844  \n",
       "Ice       1.000000 -0.085366 -0.064726 -0.042311 -0.017110 -0.057042  0.000242  \n",
       "Normal   -0.085366  1.000000 -0.110800 -0.112381 -0.106877 -0.097645 -0.154994  \n",
       "Poison   -0.064726 -0.110800  1.000000 -0.103195 -0.081036 -0.074036 -0.073986  \n",
       "Psychic  -0.042311 -0.112381 -0.103195  1.000000 -0.069031  0.024540 -0.099639  \n",
       "Rock     -0.017110 -0.106877 -0.081036 -0.069031  1.000000  0.049202  0.011447  \n",
       "Steel    -0.057042 -0.097645 -0.074036  0.024540  0.049202  1.000000 -0.096131  \n",
       "Water     0.000242 -0.154994 -0.073986 -0.099639  0.011447 -0.096131  1.000000  "
      ]
     },
     "execution_count": 69,
